Car	City_University	run_1_sec	run_1_PT_sec	run_1_Cones	run_1_DNF	run_1_Disq	run_1_Corr_Time_sec	run_2_sec	run_2_PT_sec	run_2_Cones	run_2_DNF	run_2_Disq	run_2_Corr_Time_sec	Best_Time_sec	Penalty	Scores	Placing
33	Zürich ETH	3,271	0,000	0	0	0	3,271	3,520	0,000	0	0	0	3,520	3,271	0	50,00	1
99	Aachen RWTH	3,348	0,000	0	0	0	3,348	3,334	0,000	0	0	0	3,334	3,334	0	47,36	2
26	Stuttgart U	3,401	0,000	0	0	0	3,401	3,359	0,000	0	0	0	3,359	3,359	0	46,35	3
31	München TU	3,411	0,000	0	0	1	0,000	3,425	0,000	0	0	0	3,425	3,425	0	43,73	4
59	Dresden TU	5,552	0,000	0	0	0	5,552	3,470	0,000	0	0	0	3,470	3,470	0	42,00	5
63	Trondheim NTNU	3,574	0,000	0	0	0	3,574	3,531	0,000	0	0	0	3,531	3,531	0	39,73	6
77	Stuttgart DHBW	6,327	0,000	0	0	0	6,327	3,540	0,000	0	0	0	3,540	3,540	0	39,40	7
124	Tallinn TU UAS	3,649	0,000	0	0	0	3,649	3,556	0,000	0	0	0	3,556	3,556	0	38,82	8
88	Montréal ETS	3,596	0,000	0	0	0	3,596	3,592	0,000	0	0	0	3,592	3,592	0	37,53	9
120	Karlsruhe KIT	3,662	0,000	0	0	0	3,662	3,592	0,000	0	0	0	3,592	3,592	0	37,53	9
94	Esslingen UAS	3,708	0,000	0	0	0	3,708	3,631	0,000	0	0	0	3,631	3,631	0	36,17	11
40	Eindhoven TU	4,048	0,000	0	0	0	4,048	3,702	0,000	0	0	0	3,702	3,702	0	33,76	12
68	Hsinchu NTHU	3,740	0,000	0	0	0	3,740	3,736	0,000	0	0	0	3,736	3,736	0	32,64	13
14	Budapest TU	3,786	0,000	0	0	0	3,786	4,009	0,000	0	0	0	4,009	3,786	0	31,02	14
78	Hamburg TU	3,863	0,000	0	0	0	3,863	3,810	0,000	0	0	0	3,810	3,810	0	30,27	15
34	Ingolstadt UAS	3,915	0,000	0	0	0	3,915	3,847	0,000	0	0	0	3,847	3,847	0	29,11	16
148	Nürnberg GSO UAS	3,859	0,000	0	0	0	3,859	4,203	0,000	0	0	0	4,203	3,859	0	28,74	17
50	Lisboa IST	18,528	0,000	0	0	0	18,528	3,878	0,000	0	0	0	3,878	3,878	0	28,16	18
60	Weingarten UAS	3,919	0,000	0	0	0	3,919	3,904	0,000	0	0	0	3,904	3,904	0	27,38	19
13	Corvallis OSU	3,906	0,000	0	0	0	3,906	3,939	0,000	0	0	0	3,939	3,906	0	27,32	20
161	Göttingen HAWK	3,962	0,000	0	0	0	3,962	3,924	0,000	0	0	0	3,924	3,924	0	26,79	21
42	Ulm UAS	4,095	0,000	0	0	0	4,095	3,939	0,000	0	0	0	3,939	3,939	0	26,34	22
107	Innsbruck U	4,206	0,000	0	0	0	4,206	4,144	0,000	0	0	0	4,144	4,144	0	20,61	23
25	Athens TU	4,320	0,000	0	0	0	4,320	4,221	0,000	0	0	0	4,221	4,221	0	18,60	24
74	Brno TU	4,163	0,300	0	0	0	4,463	3,966	0,300	0	0	0	4,266	4,266	0	17,46	25
131	Berlin TU	4,003	0,300	0	0	0	4,303	3,992	0,300	0	0	0	4,292	4,292	0	16,82	26
110	Augsburg UAS	5,341	0,000	0	0	0	5,341	4,338	0,000	0	0	0	4,338	4,338	0	15,69	27
90	Milano PT	4,498	0,000	0	0	0	4,498	4,386	0,000	0	0	0	4,386	4,386	0	14,54	28
196	Hamburg UAS	4,420	0,000	0	0	0	4,420	4,618	0,000	0	0	0	4,618	4,420	0	13,74	29
35	Wolfenbüttel UAS Ostfalia	4,441	0,000	0	0	0	4,441	4,436	0,000	0	0	0	4,436	4,436	0	13,36	30
97	Schweinfurt UAS		0,000	0	1	0	0,000	4,466	0,000	0	0	0	4,466	4,466	0	12,67	31
51	Sevilla U	4,558	0,000	0	0	0	4,558	4,535	0,000	0	0	0	4,535	4,535	0	11,12	32
122	Diepholz UAS	4,563	0,000	0	0	0	4,563	13,328	0,000	0	0	0	13,328	4,563	0	10,50	33
62	Regensburg OTH	4,596	0,000	0	0	0	4,596	4,571	0,000	0	0	0	4,571	4,571	0	10,33	34
172	Dortmund TU	4,688	0,000	0	0	0	4,688	0,000	0,000	0	0	0	0,000	4,688	0	7,83	35
103	Wrocław TU	4,720	0,000	0	0	0	4,720	4,519	0,000	0	0	1	0,000	4,720	0	7,17	36
111	Trento U	4,760	0,000	0	0	0	4,760	4,765	0,000	0	0	0	4,765	4,760	0	6,36	37
44	Deggendorf IT	4,784	0,000	0	0	0	4,784	4,781	0,000	0	0	0	4,781	4,781	0	5,94	38
43	Konstanz UAS	4,890	0,000	0	0	0	4,890	4,902	0,000	0	0	0	4,902	4,890	0	3,81	39
32	Porto U	6,247	0,000	0	0	0	6,247	6,216	0,000	0	0	0	6,216	6,216	0	3,50	40
76	Freiberg TU	5,584	0,000	0	0	0	5,584	5,639	0,000	0	0	0	5,639	5,584	0	3,50	40
101	Mannheim DHBW	7,332	0,000	0	0	0	7,332	7,113	0,000	0	0	0	7,113	7,113	0	3,50	40
115	Glasgow U Strath	5,118	0,000	0	0	0	5,118	5,102	0,000	0	0	0	5,102	5,102	0	3,50	40
17	Pune PCCOE	0,000	0,000	0	0	0	0,000	0,000	0,000	0	0	0	0,000	0,000	0	0,00	44
20	Magdeburg OvGU	6,839	0,000	0	0	1	0,000	5,214	0,000	0	0	1	0,000	0,000	0	0,00	44
22	Stralsund UAS	0,000	0,000	0	0	0	0,000	0,000	0,000	0	0	0	0,000	0,000	0	0,00	44
23	Hannover U	0,000	0,000	0	0	0	0,000	0,000	0,000	0	0	0	0,000	0,000	0	0,00	44
24	Darmstadt TU	0,000	0,000	0	0	0	0,000	0,000	0,000	0	0	0	0,000	0,000	0	0,00	44
28	Kassel U	0,000	0,000	0	0	0	0,000	0,000	0,000	0	0	0	0,000	0,000	0	0,00	44
48	Bochum U		0,000	0	1	0	0,000	0,000	0,000	0	0	0	0,000	0,000	0	0,00	44
49	Erlangen U	0,000	0,000	0	0	0	0,000	0,000	0,000	0	0	0	0,000	0,000	0	0,00	44
53	Lemgo TH OWL	0,000	0,000	0	0	0	0,000	0,000	0,000	0	0	0	0,000	0,000	0	0,00	44
54	Barcelona UPC	0,000	0,000	0	0	0	0,000	0,000	0,000	0	0	0	0,000	0,000	0	0,00	44
65	Pisa U	0,000	0,000	0	0	0	0,000	0,000	0,000	0	0	0	0,000	0,000	0	0,00	44
71	Stockholm KTH	0,000	0,000	0	0	0	0,000	0,000	0,000	0	0	0	0,000	0,000	0	0,00	44
72	Bremen U	0,000	0,000	0	0	0	0,000	0,000	0,000	0	0	0	0,000	0,000	0	0,00	44
79	Barcelona EEBE UPC	0,000	0,000	0	0	0	0,000	0,000	0,000	0	0	0	0,000	0,000	0	0,00	44
85	Delft TU	0,000	0,000	0	0	0	0,000	0,000	0,000	0	0	0	0,000	0,000	0	0,00	44
95	Göteborg Chalmers	3,845	0,000	0	0	1	0,000	0,000	0,000	0	0	1	0,000	0,000	0	0,00	44
98	Helsinki UAS	0,000	0,000	0	0	0	0,000	0,000	0,000	0	0	0	0,000	0,000	0	0,00	44
113	München UAS	0,000	0,000	0	0	0	0,000	0,000	0,000	0	0	0	0,000	0,000	0	0,00	44
117	New Delhi IIT	0,000	0,000	0	0	0	0,000	0,000	0,000	0	0	0	0,000	0,000	0	0,00	44
123	Amberg OTH	3,738	0,000	0	0	1	0,000	3,692	0,000	0	0	1	0,000	0,000	0	0,00	44
127	Lausanne EPFL	0,000	0,000	0	0	0	0,000	0,000	0,000	0	0	0	0,000	0,000	0	0,00	44
140	Duisburg U	0,000	0,000	0	0	0	0,000	0,000	0,000	0	0	0	0,000	0,000	0	0,00	44
149	Landshut UAS	0,000	0,000	0	0	0	0,000	0,000	0,000	0	0	0	0,000	0,000	0	0,00	44
164	Kaiserslautern RPTU	0,000	0,000	0	0	0	0,000	0,000	0,000	0	0	0	0,000	0,000	0	0,00	44
167	Osnabrück UAS	0,000	0,000	0	0	0	0,000	0,000	0,000	0	0	0	0,000	0,000	0	0,00	44
169	Ljubljana U	4,199	0,000	0	0	1	0,000	4,157	0,000	0	0	1	0,000	0,000	0	0,00	44
170	Mittweida UAS	0,000	0,000	0	0	0	0,000	0,000	0,000	0	0	0	0,000	0,000	0	0,00	44
800	Enschede U Twente	0,000	0,000	0	0	0	0,000	0,000	0,000	0	0	0	0,000	0,000	0	0,00	44
