Car	City_University	run_1_1_sec	run_1_2_sec	run_1_PT_sec	run_1_Cones	run_1_DNF	run_1_Disq	run_1_Time_sec	run_2_1_sec	run_2_2_sec	run_2_PT_sec	run_2_Cones	run_2_DNF	run_2_Disq	run_2_Time_sec	Best_Time_sec	Penalty	Scores	Placing
59	Dresden TU	4,774	4,708	0,000	0	0	0	4,741	4,644	4,609	0,000	0	0	0	4,627	4,627	0	50,00	1
90	Milano PT	5,013	4,833	0,000	0	0	0	4,923	4,776	4,665	0,000	0	0	0	4,721	4,721	0	44,80	2
33	Zürich ETH	4,970	4,882	0,000	0	0	0	4,926	4,828	4,752	0,000	0	0	0	4,790	4,790	0	41,15	3
13	München UAS	5,079	4,889	0,000	1	0	0	5,184	4,847	4,802	0,000	0	0	0	4,825	4,825	0	39,39	4
124	Tallinn TU UAS	5,037	4,895	0,000	1	0	0	5,166	4,887	4,770	0,000	0	0	0	4,829	4,829	0	39,19	5
340	Eindhoven TU	5,076	4,955	0,000	3	0	0	5,616	4,863	4,817	0,000	0	0	0	4,840	4,840	0	38,62	6
60	Nürnberg GSO UAS	5,021	5,012	0,000	0	0	0	5,017	4,966	4,779	0,000	0	0	0	4,873	4,873	0	37,01	7
94	Esslingen UAS	5,186	5,000	0,000	1	0	0	5,293	4,931	4,879	0,000	0	0	0	4,905	4,905	0	35,44	8
77	Stuttgart DHBW	5,016	4,803	0,000	0	0	0	4,910	4,975	4,829	0,000	1	0	0	5,102	4,910	0	35,23	9
24	Karlsruhe KIT	5,182	4,934	0,000	0	0	0	5,058	5,029	4,842	0,000	0	0	0	4,936	4,936	0	34,00	10
23	Amberg OTH	5,162	5,057	0,000	0	0	0	5,110	5,072	4,856	0,000	0	0	0	4,964	4,964	0	32,67	11
95	Göteborg Chalmers	5,464	5,415	0,000	0	0	0	5,440	5,036	4,954	0,000	0	0	0	4,995	4,995	0	31,25	12
187	Hannover U	5,260	5,146	0,000	0	0	0	5,203	5,059	5,014	0,000	0	0	0	5,037	5,037	0	29,39	13
74	Brno TU	5,101	5,017	0,000	0	0	0	5,059	5,040	5,088	0,000	0	0	0	5,064	5,059	0	28,40	14
99	Aachen RWTH	5,204	4,940	0,000	0	0	0	5,072	5,185	5,050	0,000	0	0	0	5,118	5,072	0	27,84	15
127	Lausanne EPFL	5,244	5,224	0,000	0	0	0	5,234	5,097	5,192	0,000	0	0	0	5,145	5,145	0	24,77	16
107	Bern UAS	5,231	5,085	0,000	0	0	0	5,158			0,000	2	1	0	0,000	5,158	0	24,21	17
43	Konstanz UAS	5,256	5,014	0,000	8	0	0	6,735	5,256	5,080	0,000	0	0	0	5,168	5,168	0	23,80	18
35	Wolfenbüttel UAS Ostfalia	5,613	5,400	0,000	0	0	0	5,507	5,168	5,182	0,000	0	0	0	5,175	5,175	0	23,51	19
79	Pforzheim U	5,258	5,262	0,000	0	0	0	5,260	5,250	5,126	0,000	0	0	0	5,188	5,188	0	22,98	20
46	Turin PT	5,350	5,108	0,000	0	0	0	5,229	5,193	5,144	0,000	1	0	0	5,369	5,229	0	21,35	21
200	Padova U			0,000	1	1	0	0,000	5,289	5,223	0,000	0	0	0	5,256	5,256	0	20,29	22
42	Prague CTU	5,076	5,071	0,000	1	0	0	5,274			0,000	3	1	0	0,000	5,274	0	19,61	23
111	Trento U	5,461	5,305	0,000	1	0	0	5,583	5,392	5,224	0,000	0	0	0	5,308	5,308	0	18,29	24
11	Ravensburg DHBW	6,210	5,702	0,000	0	0	0	5,956	5,453	5,183	0,000	0	0	0	5,318	5,318	0	17,92	25
141	Wien TU	5,583	5,271	0,000	1	0	0	5,627	5,345	5,303	0,000	0	0	0	5,324	5,324	0	17,69	26
54	Barcelona ETSEIB	5,502	5,349	0,000	0	0	0	5,426	5,383	5,304	0,000	0	0	0	5,344	5,344	0	16,97	27
115	Glasgow U Strath	5,643	5,437	0,000	0	0	0	5,540	5,351	5,363	0,000	0	0	0	5,357	5,357	0	16,47	28
34	Ingolstadt UAS	5,738	5,463	0,000	0	0	0	5,601	5,423	5,302	0,000	0	0	0	5,363	5,363	0	16,27	29
240	Darmstadt TU	5,712	5,390	0,000	0	0	0	5,551	5,460	5,285	0,000	0	0	0	5,373	5,373	0	15,90	30
44	Ulm UAS	5,803	5,660	0,000	0	0	0	5,732	5,533	5,238	0,000	0	0	0	5,386	5,386	0	15,43	31
40	Montréal PT	5,642	5,319	0,000	0	0	0	5,481	5,529	5,277	0,000	0	0	0	5,403	5,403	0	14,80	32
172	Dortmund TU			0,000	3	1	0	0,000	5,517	5,340	0,000	0	0	0	5,429	5,429	0	13,89	33
66	Melbourne Monash	5,903	5,680	0,000	0	0	0	5,792	5,526	5,361	0,000	0	0	0	5,444	5,444	0	13,37	34
22	Leuven KU	5,668	5,739	0,000	0	0	0	5,704	5,505	5,390	0,000	0	0	0	5,448	5,448	0	13,23	35
181	Göttingen HAWK	5,827	5,491	0,000	0	0	0	5,659	5,676	5,298	0,000	0	0	0	5,487	5,487	0	11,86	36
297	Schweinfurt UAS	5,730	5,713	0,000	0	0	0	5,722	5,475	5,518	0,000	0	0	0	5,497	5,497	0	11,54	37
49	Erlangen U	5,875	5,614	0,000	0	0	0	5,745	5,592	5,425	0,000	0	0	0	5,509	5,509	0	11,13	38
48	Bochum U	5,817	5,646	0,000	0	0	0	5,732	5,628	5,543	0,000	0	0	0	5,586	5,586	0	8,58	39
52	Kempten UAS	5,555	5,671	0,000	0	0	0	5,613	5,826	5,737	0,000	0	0	0	5,782	5,613	0	7,70	40
69	Hamburg UAS	5,967	5,856	0,000	1	0	0	6,112	5,706	5,568	0,000	0	0	0	5,637	5,637	0	6,93	41
84	Warsaw UT	6,369	5,983	0,000	0	0	0	6,176	5,819	5,559	0,000	0	0	0	5,689	5,689	0	5,32	42
29	Bayreuth U			0,000	0	1	0	0,000	5,842	5,667	0,000	0	0	0	5,755	5,755	0	3,34	43
36	Chemnitz TU	6,986	6,670	0,000	0	0	0	6,828	6,516	6,212	0,000	1	0	0	6,564	6,564	0	2,50	44
65	Wiesbaden UAS			0,000	0	1	0	0,000	6,753	5,802	0,000	0	0	0	6,278	6,278	0	2,50	44
76	Freiberg TU	6,098	6,183	0,000	0	0	0	6,141	5,807	5,838	0,000	0	0	0	5,823	5,823	0	2,50	44
114	Wrocław TU	7,156	7,187	0,000	0	0	0	7,172	8,572	7,335	0,000	0	0	0	7,954	7,172	0	2,50	44
122	Diepholz UAS	8,547	7,644	0,000	0	0	0	8,096	6,795	6,404	0,000	0	0	0	6,600	6,600	0	2,50	44
15	Terrassa ESEIAAT	0,000	0,000	0,000	0	0	0	0,000	0,000	0,000	0,000	0	0	0	0,000	0,000	0	0,00	49
20	Vellore VIT	0,000	0,000	0,000	0	0	0	0,000	0,000	0,000	0,000	0	0	0	0,000	0,000	0	0,00	49
25	Athens TU	0,000	0,000	0,000	0	0	0	0,000	0,000	0,000	0,000	0	0	0	0,000	0,000	0	0,00	49
26	Stuttgart U	0,000	0,000	0,000	0	0	0	0,000	0,000	0,000	0,000	0	0	0	0,000	0,000	0	0,00	49
28	Poznan PUT	0,000	0,000	0,000	0	0	0	0,000	0,000	0,000	0,000	0	0	0	0,000	0,000	0	0,00	49
31	München TU	0,000	0,000	0,000	0	0	0	0,000	0,000	0,000	0,000	0	0	0	0,000	0,000	0	0,00	49
47	Vitoria UPV-EHU	0,000	0,000	0,000	0	0	0	0,000	0,000	0,000	0,000	0	0	0	0,000	0,000	0	0,00	49
50	Lisboa IST	0,000	0,000	0,000	0	0	0	0,000	0,000	0,000	0,000	0	0	0	0,000	0,000	0	0,00	49
51	Ghent U	0,000	0,000	0,000	0	0	0	0,000	0,000	0,000	0,000	0	0	0	0,000	0,000	0	0,00	49
62	Regensburg OTH	0,000	0,000	0,000	0	0	0	0,000	0,000	0,000	0,000	0	0	0	0,000	0,000	0	0,00	49
63	Trondheim NTNU	0,000	0,000	0,000	0	0	0	0,000	0,000	0,000	0,000	0	0	0	0,000	0,000	0	0,00	49
71	Stockholm KTH	0,000	0,000	0,000	0	0	0	0,000	0,000	0,000	0,000	0	0	0	0,000	0,000	0	0,00	49
72	Bremen U	0,000	0,000	0,000	0	0	0	0,000	0,000	0,000	0,000	0	0	0	0,000	0,000	0	0,00	49
78	Hamburg TU	0,000	0,000	0,000	0	0	0	0,000	0,000	0,000	0,000	0	0	0	0,000	0,000	0	0,00	49
80	Münster UAS	0,000	0,000	0,000	0	0	0	0,000	0,000	0,000	0,000	0	0	0	0,000	0,000	0	0,00	49
85	Delft TU	0,000	0,000	0,000	0	0	0	0,000	0,000	0,000	0,000	0	0	0	0,000	0,000	0	0,00	49
92	Sevilla U	0,000	0,000	0,000	0	0	0	0,000	0,000	0,000	0,000	0	0	0	0,000	0,000	0	0,00	49
96	Chennai IITM	0,000	0,000	0,000	0	0	0	0,000	0,000	0,000	0,000	0	0	0	0,000	0,000	0	0,00	49
98	Helsinki UAS	0,000	0,000	0,000	0	0	0	0,000	0,000	0,000	0,000	0	0	0	0,000	0,000	0	0,00	49
100	Pisa U	0,000	0,000	0,000	0	0	0	0,000	0,000	0,000	0,000	0	0	0	0,000	0,000	0	0,00	49
123	Roma U Sapienza	0,000	0,000	0,000	0	0	0	0,000	0,000	0,000	0,000	0	0	0	0,000	0,000	0	0,00	49
130	Sion HES	0,000	0,000	0,000	0	0	0	0,000	0,000	0,000	0,000	0	0	0	0,000	0,000	0	0,00	49
133	Madrid UPC	0,000	0,000	0,000	0	0	0	0,000	0,000	0,000	0,000	0	0	0	0,000	0,000	0	0,00	49
140	Udine U	0,000	0,000	0,000	0	0	0	0,000	0,000	0,000	0,000	0	0	0	0,000	0,000	0	0,00	49
167	Osnabrück UAS	0,000	0,000	0,000	0	0	0	0,000	0,000	0,000	0,000	0	0	0	0,000	0,000	0	0,00	49
171	Ilmenau TU	0,000	0,000	0,000	0	0	0	0,000	0,000	0,000	0,000	0	0	0	0,000	0,000	0	0,00	49
173	Düsseldorf HSD	0,000	0,000	0,000	0	0	0	0,000	0,000	0,000	0,000	0	0	0	0,000	0,000	0	0,00	49
224	Stralsund UAS	0,000	0,000	0,000	0	0	0	0,000	0,000	0,000	0,000	0	0	0	0,000	0,000	0	0,00	49
249	Krefeld HSNR	0,000	0,000	0,000	0	0	0	0,000	0,000	0,000	0,000	0	0	0	0,000	0,000	0	0,00	49
313	Berlin TU	0,000	0,000	0,000	0	0	0	0,000	0,000	0,000	0,000	0	0	0	0,000	0,000	0	0,00	49
399	Karlsruhe UAS	0,000	0,000	0,000	0	0	0	0,000	0,000	0,000	0,000	0	0	0	0,000	0,000	0	0,00	49