Car	City_University	Cost	BPP	Design	ACC	DV_ACC	SkidPad	DV_SkidPad	AutoX	Endu	Effic	Penalties	Overall_Scores	Overall_Placing
26	Stuttgart U	89,00	62,36	130,00	0,00	73,03	36,62	60,00	88,90	250,00	72,66	0,00	862,57	1
177	Stuttgart DHBW	76,00	68,61	80,00	46,55	0,00	18,61	0,00	73,05	214,59	69,37	0,00	646,78	2
14	Budapest TU	73,00	59,58	75,00	36,15	63,16	34,12	66,43	56,38	82,30	46,78	0,00	592,89	3
31	München TU	84,00	61,46	140,00	42,27	71,05	42,88	70,71	100,00	0,00	0,00	20,00	592,38	4
63	Trondheim NTNU	80,00	68,89	100,00	49,15	0,00	50,00	57,86	74,24	0,00	0,00	0,00	480,13	5
99	Aachen RWTH	99,00	66,15	110,00	3,50	0,00	23,04	0,00	64,12	60,39	75,00	25,00	476,19	6
33	Zürich ETH	78,00	74,00	150,00	14,91	0,00	18,68	62,14	71,15	0,00	0,00	0,00	468,89	7
110	Augsburg UAS	100,00	61,94	80,00	31,08	75,00	16,90	72,86	22,99	0,00	0,00	0,00	460,76	8
45	Sankt Augustin UAS	94,00	44,72	90,00	36,44	0,00	11,00	0,00	50,60	110,54	52,41	30,00	459,72	9
78	Hamburg TU	86,00	66,67	70,00	5,86	67,11	23,55	75,00	62,35	0,00	0,00	0,00	456,53	10
124	Tallinn TU UAS	95,00	68,23	120,00	26,65	0,00	38,43	0,00	80,62	0,00	0,00	0,00	428,94	11
50	Lisboa IST	78,00	56,11	90,00	3,50	61,18	3,50	55,71	4,50	30,31	58,23	20,00	421,05	12
85	Delft TU	94,00	73,00	143,00	50,00	0,00	45,87	0,00	0,00	0,00	0,00	0,00	405,87	13
90	Milano PT	75,00	56,11	148,00	0,00	0,00	11,18	68,57	37,19	0,00	0,00	0,00	396,05	14
47	Corvallis OSU	79,00	68,00	70,00	21,22	0,00	0,00	0,00	37,24	53,99	63,44	0,00	392,90	15
161	Göttingen HAWK	94,00	62,71	85,00	8,59	0,00	0,00	0,00	4,50	54,87	63,51	0,00	373,19	16
24	Darmstadt TU	70,00	55,56	80,00	3,50	69,08	16,34	64,29	4,50	0,00	0,00	0,00	363,27	17
68	Hsinchu NTHU	57,00	62,71	50,00	32,49	0,00	27,60	0,00	11,76	88,13	48,64	20,00	358,34	18
41	Wien TU	57,00	48,33	90,00	34,58	0,00	37,05	0,00	55,53	25,00	0,00	0,00	347,50	19
59	Dresden TU	85,00	58,13	90,00	48,75	0,00	12,42	0,00	59,73	0,00	0,00	10,00	344,03	20
44	Ulm UAS	78,00	56,67	85,00	16,11	65,13	25,14	0,00	6,75	0,00	0,00	0,00	332,80	21
153	Kiel UAS	87,00	64,33	60,00	39,50	0,00	24,65	0,00	56,97	0,00	0,00	20,00	312,45	22
102	Siegen U	42,00	48,89	50,00	3,50	0,00	8,87	0,00	4,50	104,23	49,89	20,00	291,88	23
67	Prague CTU	71,00	60,00	55,00	34,36	0,00	23,71	0,00	46,37	0,00	0,00	0,00	290,43	24
51	Sevilla U	81,00	75,00	70,00	11,64	0,00	7,60	0,00	29,37	25,00	0,00	10,00	289,62	25
13	Berlin TU	54,00	52,50	85,00	28,11	0,00	30,44	0,00	59,80	0,00	0,00	30,00	279,85	26
29	Bayreuth U	88,00	69,17	85,00	21,53	0,00	5,96	0,00	4,50	0,00	0,00	0,00	274,16	27
43	Konstanz UAS	86,00	52,50	65,00	3,50	0,00	16,59	0,00	22,52	25,00	0,00	0,00	271,11	28
97	Schweinfurt UAS	67,00	54,17	85,00	26,04	0,00	3,50	0,00	33,44	0,00	0,00	0,00	269,14	29
54	Barcelona UPC	78,00	70,00	95,00	0,00	0,00	0,00	0,00	18,99	0,00	0,00	0,00	261,99	30
127	Lausanne EPFL	60,00	58,54	65,00	0,00	0,00	20,58	0,00	22,16	25,00	0,00	0,00	251,27	31
69	Mannheim DHBW	86,00	45,00	95,00	10,94	0,00	3,50	0,00	4,50	25,00	0,00	20,00	249,94	32
113	München UAS	69,00	62,78	90,00	32,03	0,00	6,20	0,00	4,50	0,00	0,00	20,00	244,51	33
111	Trento U	59,00	64,44	70,00	0,00	0,00	0,00	0,00	8,28	25,00	0,00	0,00	226,73	34
12	Wrocław TU	85,00	61,11	100,00	0,00	0,00	0,00	0,00	0,00	0,00	0,00	20,00	226,11	35
34	Ingolstadt UAS	70,00	51,94	75,00	14,59	0,00	0,00	0,00	14,30	0,00	0,00	0,00	225,83	36
58	Paderborn U	76,00	43,33	80,00	0,00	0,00	18,94	0,00	4,50	0,00	0,00	0,00	222,77	37
79	Pforzheim U	68,00	64,50	65,00	13,70	0,00	3,50	0,00	4,50	0,00	0,00	0,00	219,20	38
30	Kempten UAS	76,00	48,13	95,00	0,00	0,00	0,00	0,00	0,00	0,00	0,00	0,00	219,13	39
168	Mannheim UAS	56,00	49,58	50,00	15,62	0,00	11,05	0,00	4,50	25,00	0,00	0,00	211,75	40
62	Regensburg OTH	71,00	50,83	85,00	0,00	0,00	0,00	0,00	0,00	0,00	0,00	0,00	206,83	41
169	Hamburg UAS	83,00	53,19	60,00	3,50	0,00	3,50	0,00	0,00	0,00	0,00	0,00	203,19	42
21	Terrassa ESEIAAT	62,00	61,04	80,00	0,00	0,00	0,00	0,00	0,00	0,00	0,00	0,00	203,04	43
36	Chemnitz TU	76,00	69,03	80,00	0,00	0,00	0,00	0,00	4,50	0,00	0,00	30,00	199,53	44
60	Weingarten UAS	84,00	63,06	50,00	0,00	0,00	0,00	0,00	0,00	0,00	0,00	0,00	197,06	45
66	Nürnberg GSO UAS	70,00	52,36	55,00	3,50	0,00	3,50	0,00	12,19	0,00	0,00	0,00	196,55	46
27	Mumbai Somaiya	84,00	61,67	70,00	0,00	0,00	0,00	0,00	4,50	0,00	0,00	30,00	190,17	47
76	Freiberg TU	85,00	59,72	50,00	0,00	0,00	0,00	0,00	4,50	0,00	0,00	10,00	189,22	48
55	Be'er Sheva BGU	62,00	56,11	60,00	3,50	0,00	0,00	0,00	4,50	0,00	0,00	0,00	186,11	49
46	Turin PT	59,00	48,61	75,00	0,00	0,00	0,00	0,00	0,00	0,00	0,00	0,00	182,61	50
65	Wiesbaden UAS	63,00	46,25	70,00	0,00	0,00	0,00	0,00	0,00	0,00	0,00	0,00	179,25	51
49	Erlangen U	79,00	38,33	70,00	0,00	0,00	0,00	0,00	0,00	0,00	0,00	10,00	177,33	52
15	Madrid TU	39,00	69,06	65,00	0,00	0,00	0,00	0,00	0,00	0,00	0,00	0,00	173,06	53
48	Bochum U	83,00	50,83	55,00	0,00	0,00	0,00	0,00	0,00	0,00	0,00	20,00	168,83	54
94	Esslingen UAS	58,00	27,71	65,00	0,00	0,00	0,00	0,00	4,50	0,00	0,00	0,00	155,21	55
91	Braunschweig TU	58,00	42,71	60,00	0,00	0,00	0,00	0,00	0,00	0,00	0,00	10,00	150,71	56
23	Amberg OTH	42,00	54,33	45,00	34,90	0,00	0,00	0,00	0,00	0,00	0,00	45,00	131,23	57
77	Diepholz UAS	60,00	66,04	45,00	0,00	0,00	0,00	0,00	0,00	0,00	0,00	40,00	131,04	58
98	Helsinki UAS	68,00	50,83	40,00	0,00	0,00	0,00	0,00	0,00	0,00	0,00	30,00	128,83	59
172	Dortmund TU	33,00	43,89	40,00	0,00	0,00	0,00	0,00	0,00	0,00	0,00	0,00	116,89	60
28	Kassel U	25,00	58,89	30,00	0,00	0,00	0,00	0,00	0,00	0,00	0,00	5,00	108,89	61
16	Winterthur ZHAW	15,00	60,63	35,00	3,50	0,00	0,00	0,00	4,50	0,00	0,00	40,00	78,63	62
167	Osnabrück UAS	41,00	34,17	30,00	0,00	0,00	0,00	0,00	0,00	0,00	0,00	50,00	55,17	63
135	Belgrade U	0,00	0,00	0,00	0,00	0,00	0,00	0,00	0,00	0,00	0,00	0,00	0,00	64
159	Ljubljana U	0,00	0,00	0,00	0,00	0,00	0,00	0,00	0,00	0,00	0,00	0,00	0,00	64
800	Enschede U Twente	0,00	0,00	0,00	0,00	0,00	0,00	0,00	0,00	0,00	0,00	20,00	0,00	64
