Car	City_University	run_1_sec	run_1_PT_sec	run_1_DNF	run_1_Cones	run_1_OffCourse	run_1_Disq	run_1_Corr_Time_sec	run_2_sec	run_2_PT_sec	run_2_DNF	run_2_Cones	run_2_OffCourse	run_2_Disq	run_2_Corr_Time_sec	run_3_sec	run_3_PT_sec	run_3_DNF	run_3_Cones	run_3_OffCourse	run_3_Disq	run_3_Corr_Time_sec	run_4_sec	run_4_PT_sec	run_4_DNF	run_4_Cones	run_4_OffCourse	run_4_Disq	run_4_Corr_Time_sec	Best_Time_sec	Penalty	Scores	Placing
31	München TU	80,488	7,000	0	0	0	0	87,488	77,205	7,000	0	0	0	0	84,205	77,801	0,000	0	0	0	0	77,801	76,534	0,000	0	0	0	0	76,534	76,534	0	100,00	1
26	Stuttgart U	74,355	0,000	0	2	0	0	78,355	74,457	0,000	0	0	0	1	0,000		0,000	1	0	0	0	0,000		0,000	1	0	0	0	0,000	78,355	0	88,90	2
124	Tallinn TU UAS	82,430	0,000	0	1	0	0	84,430	83,117	0,000	0	0	0	0	83,117	83,000	0,000	0	0	1	0	93,000	79,771	0,000	0	0	0	0	79,771	79,771	0	80,62	3
63	Trondheim NTNU	81,000	0,000	0	1	0	0	83,000	78,606	0,000	0	0	0	1	0,000	80,899	0,000	0	0	0	0	80,899	76,600	0,000	0	0	0	1	0,000	80,899	0	74,24	4
177	Stuttgart DHBW	82,608	0,000	0	0	0	0	82,608	79,464	0,000	0	2	0	0	83,464	78,645	0,000	0	1	0	1	0,000	79,112	0,000	0	1	0	0	81,112	81,112	0	73,05	5
33	Zürich ETH	87,881	0,000	0	0	0	0	87,881	84,483	0,000	0	0	0	0	84,483	81,934	0,000	0	2	0	0	85,934	81,456	0,000	0	0	0	0	81,456	81,456	0	71,15	6
99	Aachen RWTH	90,184	0,000	0	1	0	0	92,184	85,241	0,000	0	1	0	0	87,241	83,254	0,000	0	0	0	0	83,254	82,753	0,000	0	0	0	0	82,753	82,753	0	64,12	7
78	Hamburg TU	86,426	0,000	0	4	0	0	94,426	83,501	0,000	0	2	0	0	87,501	87,806	0,000	0	0	0	0	87,806	83,085	0,000	0	0	0	0	83,085	83,085	0	62,35	8
13	Berlin TU	85,873	0,000	0	0	0	0	85,873	84,500	0,000	0	3	0	0	90,500	90,621	0,000	0	1	0	0	92,621	83,569	0,000	0	0	0	0	83,569	83,569	0	59,80	9
59	Dresden TU	91,575	0,000	0	1	0	0	93,575	86,402	0,000	0	0	0	0	86,402	85,647	2,000	0	2	0	0	91,647	81,583	2,000	0	0	0	0	83,583	83,583	0	59,73	10
153	Kiel UAS	93,601	0,000	0	1	0	0	95,601		0,000	1	0	0	0	0,000	86,434	0,000	0	0	0	0	86,434	80,114	0,000	0	2	0	0	84,114	84,114	0	56,97	11
14	Budapest TU	84,228	0,000	0	0	0	0	84,228	100,468	0,000	0	2	0	0	104,468	0,000	0,000	0	0	0	0	0,000	0,000	0,000	0	0	0	0	0,000	84,228	0	56,38	12
41	Wien TU	86,917	0,000	0	0	0	0	86,917	82,393	0,000	0	1	0	0	84,393	88,877	0,000	0	0	0	0	88,877	85,300	0,000	0	0	0	0	85,300	84,393	0	55,53	13
45	Sankt Augustin UAS	86,194	0,000	0	2	0	0	90,194	82,932	0,000	0	2	0	0	86,932	85,192	2,000	0	0	0	0	87,192	83,366	2,000	0	0	0	0	85,366	85,366	0	50,60	14
67	Prague CTU	87,819	2,000	0	0	0	0	89,819	86,218	0,000	0	0	0	0	86,218	95,760	0,000	0	0	0	0	95,760	0,000	0,000	0	0	0	0	0,000	86,218	0	46,37	15
47	Corvallis OSU	98,047	0,000	0	0	0	1	0,000	90,408	0,000	0	0	0	1	0,000	88,115	0,000	0	0	0	0	88,115		0,000	1	0	0	0	0,000	88,115	0	37,24	16
90	Milano PT	92,768	0,000	0	0	0	0	92,768	86,126	0,000	0	1	0	0	88,126	97,469	0,000	0	0	0	0	97,469	92,675	0,000	0	0	0	0	92,675	88,126	0	37,19	17
97	Schweinfurt UAS	94,254	0,000	0	0	0	0	94,254	89,593	0,000	0	1	0	0	91,593	89,846	0,000	0	1	0	0	91,846	86,931	0,000	0	1	0	0	88,931	88,931	0	33,44	18
51	Sevilla U	95,587	0,000	0	5	1	0	115,587	94,064	0,000	0	0	0	0	94,064	99,053	0,000	0	0	0	0	99,053	89,819	0,000	0	0	0	0	89,819	89,819	0	29,37	19
110	Augsburg UAS	97,413	0,000	0	1	1	0	109,413	91,251	0,000	0	0	0	0	91,251	89,025	0,000	0	3	0	0	95,025	0,000	0,000	0	0	0	0	0,000	91,251	0	22,99	20
43	Konstanz UAS	121,697	0,000	0	1	0	0	123,697	129,479	0,000	0	2	0	0	133,479	97,154	0,000	0	0	0	0	97,154	89,358	0,000	0	1	0	0	91,358	91,358	0	22,52	21
127	Lausanne EPFL	89,441	2,000	0	0	0	0	91,441		2,000	1	0	0	0	0,000	0,000	0,000	0	0	0	0	0,000	0,000	0,000	0	0	0	0	0,000	91,441	0	22,16	22
54	Barcelona UPC	103,218	0,000	0	0	0	0	103,218	92,172	0,000	0	0	0	0	92,172	0,000	0,000	0	6	0	0	0,000	0,000	0,000	0	0	0	0	0,000	92,172	0	18,99	23
34	Ingolstadt UAS	101,636	0,000	0	1	0	0	103,636	93,275	0,000	0	0	0	0	93,275	0,000	0,000	0	0	0	0	0,000	0,000	0,000	0	0	0	0	0,000	93,275	0	14,30	24
66	Nürnberg GSO UAS	95,374	0,000	0	1	0	0	97,374	93,780	0,000	0	0	0	0	93,780	0,000	0,000	0	0	0	0	0,000	0,000	0,000	0	0	0	0	0,000	93,780	0	12,19	25
68	Hsinchu NTHU	100,601	0,000	0	1	0	0	102,601	93,437	0,000	0	1	0	0	95,437	92,648	0,000	0	2	0	0	96,648	87,883	0,000	0	3	0	0	93,883	93,883	0	11,76	26
111	Trento U	0,000	2,000	0	0	0	0	0,000	109,810	2,000	0	0	0	0	111,810	94,729	0,000	0	0	0	0	94,729	0,000	0,000	0	0	0	0	0,000	94,729	0	8,28	27
44	Ulm UAS	95,778	2,000	0	0	0	0	97,778	89,108	0,000	0	3	0	0	95,108	0,000	0,000	0	0	0	0	0,000	0,000	0,000	0	0	0	0	0,000	95,108	0	6,75	28
16	Winterthur ZHAW	105,916	2,000	0	0	0	0	107,916	0,000	0,000	0	0	0	0	0,000	0,000	0,000	0	0	0	0	0,000	0,000	0,000	0	0	0	0	0,000	107,916	0	4,50	29
24	Darmstadt TU	104,008	0,000	0	0	0	0	104,008	96,204	0,000	0	0	0	0	96,204	0,000	0,000	0	0	0	0	0,000	0,000	0,000	0	0	0	0	0,000	96,204	0	4,50	29
27	Mumbai Somaiya	114,704	0,000	0	2	0	0	118,704		0,000	1	0	0	0	0,000	0,000	0,000	0	0	0	0	0,000	0,000	0,000	0	0	0	0	0,000	118,704	0	4,50	29
29	Bayreuth U	148,084	0,000	0	0	0	0	148,084	101,742	0,000	0	1	0	0	103,742	96,685	0,000	0	4	0	0	104,685	92,945	0,000	0	0	1	0	102,945	102,945	0	4,50	29
36	Chemnitz TU	119,490	0,000	0	0	0	0	119,490	0,000	0,000	0	1	0	0	0,000	101,163	0,000	0	0	0	0	101,163	0,000	0,000	0	0	0	0	0,000	101,163	0	4,50	29
50	Lisboa IST	88,544	0,000	0	6	0	0	100,544	96,809	0,000	0	7	1	0	120,809	99,876	0,000	0	0	0	0	99,876	91,977	0,000	0	7	0	0	105,977	99,876	0	4,50	29
55	Be'er Sheva BGU	116,088	0,000	0	2	0	0	120,088	130,257	0,000	0	0	0	0	130,257	0,000	0,000	0	0	0	0	0,000	0,000	0,000	0	0	0	0	0,000	120,088	0	4,50	29
58	Paderborn U	96,047	0,000	0	2	0	0	100,047	87,538	0,000	0	1	0	1	0,000	87,755	0,000	0	0	0	1	0,000		0,000	1	0	0	0	0,000	100,047	0	4,50	29
69	Mannheim DHBW	106,473	0,000	0	2	0	0	110,473	101,404	0,000	0	1	1	0	113,404	105,773	5,000	0	0	0	1	0,000	0,000	0,000	0	0	0	0	0,000	110,473	0	4,50	29
76	Freiberg TU	104,076	2,000	0	5	1	0	126,076	101,534	2,000	0	2	0	0	107,534	0,000	0,000	0	0	0	0	0,000	0,000	0,000	0	0	0	0	0,000	107,534	0	4,50	29
79	Pforzheim U	104,341	5,000	0	0	0	0	109,341	98,723	5,000	0	3	0	0	109,723	103,715	0,000	0	5	0	0	113,715	97,516	0,000	0	5	0	0	107,516	107,516	0	4,50	29
94	Esslingen UAS	97,081	0,000	0	0	0	0	97,081	126,715	0,000	0	3	1	0	142,715	0,000	0,000	0	0	0	0	0,000	0,000	0,000	0	0	0	0	0,000	97,081	0	4,50	29
102	Siegen U	104,899	0,000	0	3	1	0	120,899	90,577	0,000	0	3	0	0	96,577	98,387	2,000	0	1	0	0	102,387	88,883	2,000	0	3	0	0	96,883	96,577	0	4,50	29
113	München UAS	97,989	0,000	0	0	0	0	97,989	189,704	0,000	0	0	1	0	199,704		0,000	1	0	0	0	0,000		0,000	1	0	0	0	0,000	97,989	0	4,50	29
161	Göttingen HAWK	165,516	0,000	0	2	0	0	169,516	125,590	0,000	0	9	1	1	0,000	105,035	0,000	0	1	0	0	107,035	103,010	0,000	0	0	0	0	103,010	103,010	0	4,50	29
168	Mannheim UAS	100,238	0,000	0	2	0	0	104,238	93,940	0,000	0	2	0	0	97,940	95,442	0,000	0	6	1	0	117,442	105,685	0,000	0	0	0	1	0,000	97,940	0	4,50	29
12	Wrocław TU	0,000	0,000	0	0	0	0	0,000	0,000	0,000	0	0	0	0	0,000	0,000	0,000	0	0	0	0	0,000	0,000	0,000	0	0	0	0	0,000	0,000	0	0,00	45
15	Madrid TU	0,000	0,000	0	0	0	0	0,000	0,000	0,000	0	0	0	0	0,000	0,000	0,000	0	0	0	0	0,000	0,000	0,000	0	0	0	0	0,000	0,000	0	0,00	45
21	Terrassa ESEIAAT		0,000	1	0	0	0	0,000		0,000	1	0	0	0	0,000	0,000	0,000	0	0	0	0	0,000	0,000	0,000	0	0	0	0	0,000	0,000	0	0,00	45
23	Amberg OTH	86,920	0,000	0	0	0	1	0,000	84,895	0,000	0	0	0	1	0,000	80,736	0,000	0	2	0	1	0,000	0,000	0,000	0	0	0	0	0,000	0,000	0	0,00	45
28	Kassel U	0,000	0,000	0	0	0	0	0,000	0,000	0,000	0	0	0	0	0,000	0,000	0,000	0	0	0	0	0,000	0,000	0,000	0	0	0	0	0,000	0,000	0	0,00	45
30	Kempten UAS	0,000	0,000	0	0	0	0	0,000	0,000	0,000	0	0	0	0	0,000	0,000	0,000	0	0	0	0	0,000	0,000	0,000	0	0	0	0	0,000	0,000	0	0,00	45
46	Turin PT	0,000	0,000	0	0	0	0	0,000	0,000	0,000	0	0	0	0	0,000	0,000	0,000	0	0	0	0	0,000	0,000	0,000	0	0	0	0	0,000	0,000	0	0,00	45
48	Bochum U	0,000	0,000	0	0	0	0	0,000	0,000	0,000	0	0	0	0	0,000	0,000	0,000	0	0	0	0	0,000	0,000	0,000	0	0	0	0	0,000	0,000	0	0,00	45
49	Erlangen U	0,000	0,000	0	0	0	0	0,000	0,000	0,000	0	0	0	0	0,000	0,000	0,000	0	0	0	0	0,000	0,000	0,000	0	0	0	0	0,000	0,000	0	0,00	45
60	Weingarten UAS	0,000	0,000	0	0	0	0	0,000	0,000	0,000	0	0	0	0	0,000	0,000	0,000	0	0	0	0	0,000	0,000	0,000	0	0	0	0	0,000	0,000	0	0,00	45
62	Regensburg OTH	0,000	0,000	0	0	0	0	0,000	0,000	0,000	0	0	0	0	0,000	0,000	0,000	0	0	0	0	0,000	0,000	0,000	0	0	0	0	0,000	0,000	0	0,00	45
65	Wiesbaden UAS	0,000	0,000	0	0	0	0	0,000	0,000	0,000	0	0	0	0	0,000	0,000	0,000	0	0	0	0	0,000	0,000	0,000	0	0	0	0	0,000	0,000	0	0,00	45
77	Diepholz UAS		0,000	1	0	0	0	0,000	0,000	0,000	0	0	0	0	0,000	0,000	0,000	0	0	0	0	0,000	0,000	0,000	0	0	0	0	0,000	0,000	0	0,00	45
85	Delft TU	82,368	0,000	0	0	0	1	0,000		0,000	1	0	0	0	0,000	0,000	0,000	0	0	0	0	0,000	0,000	0,000	0	0	0	0	0,000	0,000	0	0,00	45
91	Braunschweig TU	0,000	0,000	0	0	0	0	0,000	0,000	0,000	0	0	0	0	0,000	0,000	0,000	0	0	0	0	0,000	0,000	0,000	0	0	0	0	0,000	0,000	0	0,00	45
98	Helsinki UAS	0,000	0,000	0	0	0	0	0,000	0,000	0,000	0	0	0	0	0,000	0,000	0,000	0	0	0	0	0,000	0,000	0,000	0	0	0	0	0,000	0,000	0	0,00	45
135	Belgrade U	0,000	0,000	0	0	0	0	0,000	0,000	0,000	0	0	0	0	0,000	0,000	0,000	0	0	0	0	0,000	0,000	0,000	0	0	0	0	0,000	0,000	0	0,00	45
159	Ljubljana U	0,000	0,000	0	0	0	0	0,000	0,000	0,000	0	0	0	0	0,000	0,000	0,000	0	0	0	0	0,000	0,000	0,000	0	0	0	0	0,000	0,000	0	0,00	45
167	Osnabrück UAS	0,000	0,000	0	0	0	0	0,000	0,000	0,000	0	0	0	0	0,000	0,000	0,000	0	0	0	0	0,000	0,000	0,000	0	0	0	0	0,000	0,000	0	0,00	45
169	Hamburg UAS	0,000	0,000	0	0	0	0	0,000	0,000	0,000	0	0	0	0	0,000	0,000	0,000	0	0	0	0	0,000	0,000	0,000	0	0	0	0	0,000	0,000	0	0,00	45
172	Dortmund TU	0,000	0,000	0	0	0	0	0,000	0,000	0,000	0	0	0	0	0,000	0,000	0,000	0	0	0	0	0,000	0,000	0,000	0	0	0	0	0,000	0,000	0	0,00	45
800	Enschede U Twente	0,000	0,000	0	0	0	0	0,000	0,000	0,000	0	0	0	0	0,000	0,000	0,000	0	0	0	0	0,000	0,000	0,000	0	0	0	0	0,000	0,000	0	0,00	45
